IDS,1,2,3,7,9,11,12,13,15,16,18,19,20,25,26,29,31,32,34,36,37,38,39,45,50,51,52,53,54,55,56,57,60,61,62,64,65,66,67,69,74,76,77,78,79,80,81,83,85,87,89,90,91,92,98,99,101,103,104,105,106,107,109,111,113,114,115,116,122,125,127,128,131,132,133,134,135,136,138,141,142,143,144,147,148,152,153,154,158,162,163,164,168,169,172,175,178,180,181,182,183,185,189,190,193,194,195,196,197,198,200,201,202,203,204,205,207,208,209,210,211,212,213,214,215,216,217,218,219,220,221,222,223,224,227,228,229,230,231,237,238,239,240,241,242,243,244,245,246,247,248,249,250,252,253,254,257,258,260,262,264,269,270,273,275,276,278,279,280,282,284,287,288,289,291,295,297,298
1,0,2138,2117,2102,2122,2152,2122,2122,2122,2146,2150,2151,2019,2137,2122,2185,1978,1978,2166,2140,2141,2141,2118,2151,2123,2115,2116,2117,2116,2153,2239,2118,2146,2119,2118,2149,2142,2163,1669,2154,2135,1846,2136,2152,2153,2151,2153,2152,2151,2155,2150,2153,2075,2139,2145,2144,2127,2148,2146,2143,1766,2161,2122,2182,1675,2122,2115,2130,2130,2155,2144,2118,2143,2143,2143,2140,2133,2143,1839,1948,1931,2141,2212,1637,1949,2163,2160,2160,1966,2164,2162,2119,1966,2129,2155,2146,2147,2151,2161,2155,1971,2230,2132,2156,2139,2141,2140,2140,2137,2141,2139,2139,2141,2141,2138,2139,2136,2142,2141,2140,2140,2141,2139,2141,2140,2140,2137,2137,2140,2140,2139,2140,2141,2144,2158,2115,2116,2116,2152,2155,2149,2146,2141,2116,2120,2175,2161,2162,1941,2011,2017,2010,2010,2012,2017,2010,2113,2076,2145,2139,2143,2138,2138,2137,2138,2139,2143,2143,2139,2110,2145,2094,2110,2138,2093,2124,2082,2084
2,2138,0,1534,1675,1551,1768,1550,1550,1550,1778,813,813,1940,599,1526,2078,1972,1969,889,1966,600,598,1518,849,966,1527,1528,1532,1527,962,1951,1028,632,1529,1531,810,986,853,1993,705,670,2131,860,640,653,641,643,642,640,645,652,662,1681,1001,790,776,887,633,610,766,2140,1141,970,2016,1988,1538,1533,791,1692,906,773,1517,606,601,603,600,587,755,2129,2144,2163,1409,1872,1981,1703,1091,1088,1086,1407,1080,1083,1532,1713,985,883,757,772,692,1035,1081,1712,1757,1680,1543,599,593,595,600,596,612,586,606,594,594,601,593,593,596,603,601,597,590,593,604,590,593,600,609,591,602,605,592,593,742,918,1528,1527,1530,699,671,998,987,994,1529,1531,1134,960,960,1717,1209,1218,1203,1204,1197,1214,1205,2017,2084,718,746,713,737,736,739,748,746,715,707,736,983,1104,1685,1014,935,864,1545,2074,1248
3,2117,1534,0,1835,529,721,531,534,532,718,1563,1569,2049,1447,595,2102,2047,2047,1559,2044,1445,1445,570,1560,1427,2064,2022,2039,2055,1573,2121,1477,1466,1181,1170,1563,1493,1551,1989,1470,1370,2105,1391,1451,1457,1449,1455,1459,1449,1449,1451,1451,1832,1348,1533,1529,1307,1485,1481,1506,2121,1419,1413,2100,1985,705,1931,1393,1915,1448,1527,597,1446,1446,1447,1442,1416,1510,2091,2113,2145,1789,2016,1993,1813,1359,1362,1343,1395,1355,1366,1147,1825,1359,1576,1524,1498,1470,1316,1377,1815,2015,1829,1927,1444,1449,1446,1445,1450,1445,1447,1446,1449,1450,1462,1445,1447,1448,1448,1444,1442,1448,1450,1446,1447,1451,1447,1449,1449,1444,1448,1449,1452,1513,1508,2018,2018,2036,1466,1507,1325,1326,1328,1872,1972,1688,1614,1605,1859,1683,1698,1681,1683,1693,1690,1685,2016,2115,1481,1526,1478,1522,1521,1522,1524,1526,1482,1483,1522,1472,1377,1851,1469,1254,1365,570,2097,1744
7,2102,1675,1835,0,1846,2035,1846,1846,1846,2037,1768,1763,2135,1725,1843,2119,2151,2150,1724,2066,1719,1719,1844,1774,1539,1837,1834,1836,1836,1737,2055,1610,1734,1835,1834,1760,1699,1690,1934,1599,1728,2097,1759,1634,1638,1629,1634,1633,1629,1635,1636,1632,633,1801,1694,1695,1785,1729,1732,1718,2162,1862,1516,2136,1939,1837,1835,1745,1885,1768,1707,1841,1719,1718,1721,1720,1698,1795,2097,2066,2104,1919,2105,1935,2001,1841,1841,1837,1685,1849,1848,1838,1998,1830,1784,1693,1732,1599,1824,1820,1991,2060,1911,1953,1717,1720,1714,1719,1718,1723,1714,1718,1718,1720,1725,1718,1716,1722,1719,1718,1715,1714,1720,1719,1713,1719,1717,1716,1720,1717,1723,1718,1719,1774,1732,1834,1835,1834,1598,1772,1810,1805,1810,1832,1837,1823,1778,1775,1996,1710,1704,1708,1702,1703,1704,1711,2111,2099,1714,1745,1713,1746,1747,1746,1747,1745,1715,1719,1746,1601,1842,1292,1590,1793,1653,1855,2060,1742
9,2122,1551,529,1846,0,2128,2295,2295,2291,1963,1604,1600,2052,1483,571,2104,2049,2049,1606,2048,1486,1485,672,1602,1465,544,548,551,549,1604,2132,1516,1514,572,563,1599,1514,1575,2003,1531,1411,2107,1429,1513,1515,1508,1517,1514,1508,1510,1511,1508,1862,1378,1557,1556,1335,1520,1515,1548,2129,1449,1455,2095,1994,557,513,1432,1940,1484,1548,560,1485,1487,1490,1489,1468,1562,2100,2111,2146,1808,2014,2004,1828,1396,1399,1393,1447,1396,1405,547,1845,1403,1616,1556,1529,1530,1368,1437,1838,2028,1840,1946,1482,1483,1484,1487,1481,1486,1479,1483,1483,1485,1493,1483,1484,1482,1484,1479,1481,1480,1484,1486,1479,1487,1484,1484,1485,1480,1487,1482,1484,1551,1552,548,548,544,1525,1541,1378,1375,1378,526,527,1709,1647,1639,1868,1700,1713,1697,1701,1718,1709,1701,2013,2119,1520,1559,1520,1554,1554,1554,1555,1559,1524,1522,1554,1502,1407,1869,1505,1312,1404,1240,2098,1764
11,2152,1768,721,2035,2128,0,2133,2131,2129,1959,1827,1830,2178,1718,794,2190,2054,2054,1819,2139,1723,1723,929,1821,1695,733,737,742,737,1819,2205,1740,1755,743,738,1819,1761,1797,2152,1763,1664,2224,1660,1745,1746,1743,1748,1746,1743,1743,1744,1743,2062,1638,1781,1782,1593,1770,1766,1775,2232,1696,1688,2210,2148,736,712,1679,2115,1733,1775,794,1723,1724,1726,1726,1713,1788,2214,2232,2156,1985,2113,2154,1974,1649,1652,1649,1720,1658,1662,725,1982,1661,1829,1781,1767,1764,1628,1673,1980,2163,1970,1948,1719,1720,1721,1723,1718,1723,1717,1720,1720,1722,1727,1720,1721,1719,1721,1717,1718,1717,1720,1722,1716,1724,1719,1722,1722,1720,1722,1719,1721,1788,1780,738,736,732,1761,1769,1619,1618,1619,724,719,1908,1854,1849,2008,1928,1936,1925,1930,1938,1933,1928,2116,2222,1757,1789,1759,1785,1785,1786,1788,1789,1761,1758,1785,1731,1658,2057,1732,1575,1655,1319,2202,1949
12,2122,1550,531,1846,2295,2133,0,2299,2307,1970,1604,1600,2052,1483,573,2104,2049,2049,1606,2048,1486,1485,671,1601,1463,546,550,553,551,1603,2132,1516,1513,574,564,1598,1513,1574,2003,1530,1410,2106,1430,1512,1514,1507,1516,1513,1507,1509,1510,1507,1862,1378,1556,1555,1334,1519,1514,1547,2130,1448,1454,2095,1994,559,515,1432,1940,1484,1548,561,1485,1487,1490,1489,1467,1561,2099,2110,2146,1807,2016,2004,1827,1397,1400,1394,1446,1396,1405,547,1844,1404,1614,1555,1529,1529,1368,1436,1837,2028,1839,1945,1482,1483,1484,1487,1481,1486,1479,1483,1483,1485,1493,1483,1484,1482,1484,1479,1481,1480,1484,1486,1479,1487,1484,1484,1485,1480,1487,1482,1484,1551,1551,550,550,546,1524,1542,1377,1374,1377,527,529,1709,1646,1638,1869,1700,1713,1697,1701,1718,1709,1700,2012,2119,1519,1558,1519,1553,1553,1553,1554,1558,1523,1521,1553,1501,1407,1869,1504,1312,1403,1240,2098,1763
13,2122,1550,534,1846,2295,2131,2299,0,2299,1967,1604,1600,2052,1482,577,2104,2049,2049,1606,2048,1485,1484,672,1601,1464,549,552,556,555,1603,2132,1516,1514,575,567,1598,1512,1575,2003,1531,1411,2105,1431,1512,1514,1507,1516,1513,1507,1509,1510,1507,1862,1379,1556,1555,1335,1519,1514,1548,2130,1449,1455,2095,1994,561,518,1433,1939,1484,1549,560,1484,1486,1489,1488,1468,1560,2099,2110,2147,1807,2016,2004,1827,1397,1400,1394,1447,1396,1405,550,1844,1405,1615,1555,1529,1530,1367,1436,1837,2028,1839,1945,1481,1482,1483,1486,1479,1485,1478,1482,1482,1484,1492,1482,1483,1481,1483,1477,1480,1479,1483,1485,1478,1485,1483,1483,1484,1479,1486,1481,1483,1550,1551,552,552,548,1525,1541,1377,1373,1376,530,532,1708,1646,1638,1869,1700,1713,1697,1701,1718,1709,1700,2012,2119,1520,1559,1520,1554,1554,1554,1555,1559,1524,1522,1554,1501,1405,1869,1504,1313,1402,1243,2098,1763
15,2122,1550,532,1846,2291,2129,2307,2299,0,1963,1604,1600,2052,1482,574,2104,2050,2050,1606,2048,1485,1484,672,1601,1463,547,550,554,552,1603,2132,1516,1513,573,565,1598,1513,1574,2003,1530,1410,2106,1430,1512,1514,1507,1516,1513,1507,1509,1510,1507,1862,1378,1556,1555,1335,1519,1514,1547,2130,1450,1454,2095,1994,559,516,1432,1940,1484,1548,562,1484,1486,1489,1488,1467,1560,2099,2110,2146,1807,2016,2004,1827,1398,1401,1395,1447,1397,1406,548,1844,1405,1614,1555,1529,1529,1369,1437,1837,2028,1839,1945,1481,1482,1483,1486,1480,1485,1478,1482,1482,1484,1492,1482,1483,1481,1483,1478,1480,1479,1483,1485,1478,1486,1483,1483,1484,1479,1486,1481,1483,1551,1551,550,550,546,1524,1541,1378,1375,1378,528,530,1708,1646,1638,1869,1700,1713,1697,1701,1718,1709,1700,2012,2119,1519,1558,1519,1553,1553,1553,1554,1558,1523,1521,1553,1501,1408,1869,1504,1313,1403,1237,2098,1763
16,2146,1778,718,2037,1963,1959,1970,1967,1963,0,1839,1839,2172,1728,791,2189,2056,2055,1826,2140,1733,1733,916,1831,1695,727,736,732,732,1826,2205,1738,1763,762,756,1827,1768,1802,2150,1772,1672,2223,1670,1751,1751,1748,1753,1751,1748,1748,1748,1747,2061,1641,1791,1790,1606,1775,1772,1781,2227,1704,1690,2208,2144,745,709,1684,2116,1739,1787,796,1733,1734,1736,1736,1723,1797,2214,2231,2153,1985,2115,2151,1978,1656,1659,1655,1720,1671,1676,744,1986,1670,1842,1788,1775,1773,1636,1689,1981,2167,1972,1957,1728,1730,1731,1733,1728,1733,1727,1730,1730,1732,1736,1729,1731,1729,1731,1727,1729,1727,1730,1732,1726,1734,1730,1732,1732,1730,1731,1729,1731,1798,1788,736,736,733,1770,1779,1624,1625,1624,724,714,1916,1859,1854,2007,1930,1940,1927,1931,1939,1935,1929,2115,2222,1761,1793,1764,1789,1790,1790,1793,1793,1766,1761,1790,1728,1666,2060,1732,1584,1658,1338,2201,1954
18,2150,813,1563,1768,1604,1827,1604,1604,1604,1839,0,883,1986,715,1571,2086,1999,1995,940,1987,727,724,1566,532,1053,1562,1557,1566,1562,1081,1977,1130,735,1558,1562,519,1101,927,2009,825,798,2137,977,772,776,767,770,766,766,766,775,771,1798,1091,915,908,999,823,815,907,2160,1131,1039,2044,2012,1565,1559,989,1699,952,923,1576,725,728,717,723,752,886,2127,2139,2166,1482,1902,1994,1716,1078,1081,1090,1400,1060,1074,1562,1744,1082,517,887,880,826,1035,1118,1758,1752,1746,1716,739,735,738,733,733,744,730,744,734,728,734,737,737,720,731,730,738,732,725,733,731,729,745,735,728,733,747,735,737,872,1081,1557,1558,1560,830,851,997,986,990,1559,1561,1162,1001,996,1799,1427,1449,1422,1424,1429,1440,1424,2018,2083,707,815,713,812,817,815,823,815,707,707,816,1135,1124,1773,1182,955,997,1594,2081,1447
19,2151,813,1569,1763,1600,1830,1600,1600,1600,1839,883,0,1993,708,1564,2085,2004,2005,928,1988,714,711,1562,495,1023,1567,1564,1571,1567,1068,1975,1106,725,1560,1564,502,1070,928,2009,823,763,2137,950,768,770,760,767,763,760,761,769,769,1795,1090,898,895,998,818,808,877,2155,1121,1013,2051,2011,1565,1567,973,1688,920,896,1567,709,714,705,708,729,884,2131,2136,2170,1478,1899,1988,1715,1074,1078,1081,1392,1049,1065,1565,1749,1082,492,868,869,820,1027,1084,1761,1752,1743,1706,721,718,722,715,715,733,713,723,717,711,717,722,720,711,716,717,721,717,719,716,715,713,726,721,712,715,732,716,720,871,1054,1565,1564,1567,827,846,994,982,989,1563,1566,1135,988,979,1789,1419,1442,1415,1417,1422,1438,1420,2018,2084,694,808,705,801,801,801,813,808,701,696,802,1105,1133,1774,1163,949,1000,1594,2084,1427
20,2019,1940,2049,2135,2052,2178,2052,2052,2052,2172,1986,1993,0,1941,2054,2140,1538,1532,1986,2055,1941,1941,2047,1993,2011,2051,2051,2050,2051,1984,2259,2000,1970,2051,2050,1979,1933,1975,2051,1941,1938,1928,1909,1948,1948,1949,1950,1949,1949,1950,1952,1951,2134,1919,1964,1965,1910,1968,1967,1959,1991,1961,2011,1446,2051,2054,2049,1897,2185,1964,1966,2056,1947,1948,1942,1943,1936,1970,1897,1961,2099,2050,2152,2040,1600,1967,1970,1968,2106,1968,1970,2053,1600,1922,1997,1960,1973,1936,1963,1956,1586,2211,2104,2155,1942,1946,1943,1941,1943,1946,1945,1943,1946,1947,1941,1944,1943,1947,1943,1943,1943,1946,1940,1942,1945,1948,1941,1943,1948,1946,1942,1946,1945,1997,1992,2050,2050,2052,1938,1951,1959,1959,1956,2051,2055,2017,2012,2015,1479,2102,2105,2096,2099,2097,2108,2099,2070,2135,1983,1964,1985,1959,1960,1959,1966,1964,1989,1988,1961,1987,1965,2149,1983,1950,1981,2049,2127,2059
25,2137,599,1447,1725,1483,1718,1483,1482,1482,1728,715,708,1941,0,1461,2085,1951,1951,803,1979,989,991,1460,769,952,1441,1441,1443,1441,894,1935,1051,561,1435,1438,743,949,801,2000,616,551,2135,785,561,563,554,557,553,552,556,556,558,1740,899,695,689,865,599,586,726,2148,984,916,2018,1993,1478,1445,810,1666,790,696,1446,973,985,951,979,504,649,2121,2136,2165,1386,1860,2000,1669,900,899,903,1325,899,907,1443,1679,915,804,690,672,624,841,950,1675,1691,1627,1560,948,950,940,946,947,901,967,966,941,923,873,937,949,940,942,938,959,974,933,954,971,921,940,921,922,952,948,969,936,698,865,1441,1441,1443,622,645,848,839,847,1446,1445,1013,859,860,1712,1368,1379,1361,1358,1344,1366,1362,2026,2090,593,756,601,749,744,748,749,755,601,601,745,1020,926,1742,1086,792,786,1480,2091,1310
26,2122,1526,595,1843,571,794,573,577,574,791,1571,1564,2054,1461,0,2104,2053,2053,1556,2047,1465,1465,673,1561,1456,603,596,589,604,1592,2132,1498,1486,594,601,1556,1495,1538,1990,1474,1387,2112,1425,1464,1464,1464,1465,1467,1464,1462,1462,1464,1860,1374,1546,1539,1365,1484,1479,1519,2129,1452,1429,2111,1982,632,603,1435,1922,1456,1530,655,1462,1463,1464,1464,1430,1524,2109,2113,2154,1801,2021,1996,1828,1399,1402,1391,1438,1386,1397,593,1846,1392,1579,1538,1512,1477,1343,1435,1836,2018,1829,1958,1460,1467,1461,1463,1465,1462,1462,1462,1465,1465,1473,1461,1462,1464,1466,1461,1461,1463,1464,1464,1462,1467,1462,1461,1465,1456,1464,1463,1466,1518,1524,593,588,590,1471,1521,1353,1351,1355,577,593,1686,1617,1612,1872,1694,1711,1691,1692,1708,1709,1694,2020,2121,1494,1540,1491,1533,1534,1534,1533,1540,1495,1493,1534,1487,1408,1865,1486,1296,1393,623,2098,1756
29,2185,2078,2102,2119,2104,2190,2104,2104,2104,2189,2086,2085,2140,2085,2104,0,2140,2142,2078,1947,2082,2082,2103,2087,2097,2099,2101,2102,2100,2095,2272,2108,2089,2102,2102,2086,2092,2091,2120,2086,2081,2194,2086,2095,2098,2098,2096,2093,2098,2095,2092,2096,2122,2104,2091,2091,2086,2089,2095,2096,2194,2089,2094,2169,2120,2108,2100,2089,2148,2082,2100,2104,2083,2082,2084,2081,2077,2092,2177,2184,2216,2120,2139,2120,2029,2084,2085,2083,2116,2090,2089,2103,2033,2088,2085,2089,2089,2086,2087,2086,2035,2181,2105,2187,2076,2079,2075,2079,2080,2080,2080,2081,2079,2080,2077,2076,2079,2081,2080,2078,2077,2080,2079,2081,2079,2080,2075,2075,2080,2081,2078,2080,2082,2096,2096,2099,2101,2100,2087,2090,2083,2088,2082,2101,2101,2098,2104,2102,2056,2117,2119,2113,2116,2117,2119,2110,2114,2127,2091,2092,2090,2094,2093,2094,2095,2092,2091,2090,2091,2097,2073,2126,2100,2095,2082,2105,2084,2122
31,1978,1972,2047,2151,2049,2054,2049,2049,2050,2056,1999,2004,1538,1951,2053,2140,0,2020,2001,2036,1947,1948,2057,1999,2018,2047,2049,2049,2047,1989,2254,2049,1977,2049,2050,1981,2001,1996,2095,1964,1960,1809,1961,1971,1973,1974,1975,1973,1973,1977,1973,1973,2148,1986,1972,1975,1996,1978,1980,1982,2015,2001,2024,1632,2099,2049,2046,1979,2212,1983,1985,2048,1950,1952,1950,1951,1956,1998,1733,1965,2015,2067,2156,2103,1613,1988,1987,1983,2108,1993,1988,2051,1592,1985,1997,1975,1994,1960,1980,1971,1596,2228,2140,2074,1950,1949,1950,1950,1949,1953,1950,1948,1949,1951,1951,1954,1948,1948,1951,1949,1951,1950,1948,1950,1950,1951,1950,1951,1951,1951,1950,1948,1950,2009,2011,2051,2051,2051,1959,1969,1972,1973,1974,2049,2051,2049,2011,2013,1675,2152,2153,2152,2152,2149,2152,2153,2092,2141,1992,2020,1991,2018,2018,2018,2021,2020,1993,1994,2019,2036,1977,2160,2041,1973,2007,2052,2134,2079
32,1978,1969,2047,2150,2049,2054,2049,2049,2050,2055,1995,2005,1532,1951,2053,2142,2020,0,1999,2036,1947,1949,2058,1997,2019,2047,2049,2049,2047,1988,2253,2047,1977,2049,2050,1984,2002,1994,2095,1961,1960,1809,1959,1970,1971,1972,1973,1972,1972,1975,1972,1973,2148,1985,1966,1971,1997,1982,1982,1981,2017,1999,2019,1629,2100,2047,2046,1975,2212,1981,1985,2048,1950,1952,1949,1952,1952,1998,1731,1963,2016,2063,2154,2105,1617,1985,1984,1979,2108,1993,1987,2051,1596,1985,2000,1970,1996,1958,1979,1970,1603,2230,2139,2072,1950,1948,1950,1950,1947,1953,1950,1948,1948,1951,1950,1954,1948,1948,1951,1948,1951,1949,1946,1950,1950,1951,1950,1950,1951,1950,1950,1948,1949,2008,2010,2051,2051,2051,1957,1970,1975,1972,1974,2049,2051,2047,2010,2012,1675,2153,2155,2152,2153,2149,2151,2153,2092,2141,1992,2020,1990,2018,2019,2019,2021,2020,1993,1994,2018,2035,1981,2160,2039,1971,2006,2052,2133,2076
34,2166,889,1559,1724,1606,1819,1606,1606,1606,1826,940,928,1986,803,1556,2078,2001,1999,0,2012,784,783,1551,946,950,1557,1553,1560,1557,874,1925,1052,826,1553,1553,929,1106,630,2025,693,786,2147,944,689,689,689,688,691,689,682,684,692,1740,1064,700,701,987,832,829,712,2164,1134,923,2054,2023,1570,1554,973,1718,919,668,1537,786,784,787,787,783,929,2139,2152,2170,1369,1876,2007,1718,1083,1080,1082,1414,1083,1083,1558,1753,1061,994,698,879,689,1038,1118,1759,1608,1768,1689,782,787,782,787,782,799,782,789,788,776,802,785,777,788,791,780,781,786,782,788,782,779,787,785,776,788,795,785,783,925,1027,1554,1554,1556,688,868,1046,1028,1043,1556,1553,899,858,862,1778,1461,1469,1455,1452,1441,1467,1454,2040,2107,856,938,860,944,946,946,948,938,861,864,948,1005,1131,1749,1032,992,993,1585,2100,1485
36,2140,1966,2044,2066,2048,2139,2048,2048,2048,2140,1987,1988,2055,1979,2047,1947,2036,2036,2012,0,1975,1976,2053,1993,2009,2043,2042,2043,2043,2006,2244,2033,1992,2048,2048,1984,2025,1996,2094,1989,1985,2130,1996,1981,1982,1981,1978,1976,1981,1981,1981,1981,2082,2013,1997,2002,2021,1976,1973,2001,2180,2016,2010,2095,2096,2043,2040,2006,2137,2013,1995,2046,1978,1978,1978,1978,1970,1984,2120,2136,2185,2056,2111,2082,1878,2007,2007,2011,2081,2019,2016,2049,1890,2016,1989,2008,1994,1987,2006,2002,1898,2158,2058,2125,1978,1981,1978,1977,1977,1979,1979,1980,1980,1978,1980,1979,1979,1978,1978,1980,1978,1979,1977,1978,1978,1979,1978,1981,1979,1980,1979,1978,1979,2005,2002,2040,2042,2043,1987,1984,2013,2009,2012,2041,2045,2049,2008,2007,1934,2053,2061,2049,2052,2053,2059,2050,2051,2102,1995,2011,1996,2010,2009,2010,2009,2011,1996,1995,2010,2037,2013,2070,2029,2006,1990,2046,2013,2058
37,2141,600,1445,1719,1486,1723,1486,1485,1485,1733,727,714,1941,989,1465,2082,1947,1947,784,1975,0,2317,1461,768,947,1439,1439,1442,1440,892,1933,1052,559,1433,1436,723,957,785,2001,600,553,2132,788,553,559,546,546,544,547,551,549,551,1734,910,672,666,878,604,591,706,2152,985,906,2017,1997,1475,1442,804,1672,781,684,1446,1936,1648,1892,1887,520,669,2117,2134,2167,1390,1857,1998,1670,919,914,923,1325,910,916,1439,1677,930,798,659,658,599,861,945,1678,1684,1627,1556,1166,1175,1164,1175,1179,1073,1181,1171,1179,1126,1069,1146,1177,1170,1159,1158,1174,1181,1169,1178,1181,1129,1158,1118,1131,1164,1143,1194,1158,684,878,1440,1439,1441,605,645,864,851,860,1442,1444,1017,854,850,1712,1357,1380,1352,1349,1337,1366,1350,2027,2090,579,749,587,732,729,729,732,748,589,585,732,1020,943,1741,1082,810,798,1480,2089,1313
38,2141,598,1445,1719,1485,1723,1485,1484,1484,1733,724,711,1941,991,1465,2082,1948,1949,783,1976,2317,0,1461,765,947,1439,1440,1442,1440,891,1933,1052,558,1433,1436,721,953,781,2001,598,553,2132,789,550,556,543,543,541,544,548,546,548,1734,909,670,664,877,603,589,705,2152,984,906,2017,1997,1475,1442,803,1672,780,683,1446,1942,1653,1898,1895,520,667,2117,2134,2167,1392,1857,1998,1670,918,913,922,1325,909,915,1439,1677,928,796,657,655,597,860,943,1678,1684,1627,1555,1168,1179,1165,1177,1181,1076,1184,1174,1183,1128,1069,1147,1180,1173,1161,1160,1175,1184,1171,1180,1184,1131,1159,1120,1133,1165,1144,1196,1160,683,877,1440,1439,1441,603,644,862,849,859,1442,1444,1017,854,850,1712,1357,1380,1352,1349,1337,1366,1350,2027,2091,576,746,583,729,726,726,729,745,585,582,729,1020,942,1741,1083,808,798,1480,2088,1312
39,2118,1518,570,1844,672,929,671,672,672,916,1566,1562,2047,1460,673,2103,2057,2058,1551,2053,1461,1461,0,1560,1428,577,583,581,579,1581,2120,1503,1488,571,565,1549,1489,1524,1982,1459,1390,2113,1403,1467,1467,1463,1468,1469,1463,1464,1464,1463,1840,1339,1530,1523,1287,1492,1484,1522,2117,1418,1430,2083,1976,600,569,1401,1917,1436,1532,643,1457,1464,1460,1461,1424,1533,2099,2117,2137,1791,2019,1996,1819,1349,1355,1341,1394,1359,1360,576,1828,1390,1568,1510,1504,1458,1316,1403,1819,2008,1816,1936,1449,1451,1450,1453,1450,1458,1449,1450,1451,1452,1458,1451,1448,1451,1454,1451,1449,1450,1451,1454,1449,1453,1452,1451,1452,1449,1450,1448,1453,1521,1538,586,583,579,1459,1520,1318,1321,1326,589,585,1675,1629,1622,1870,1705,1721,1697,1702,1715,1714,1706,2012,2120,1500,1545,1499,1533,1532,1533,1536,1543,1500,1494,1533,1468,1349,1855,1465,1261,1391,688,2100,1753
45,2151,849,1560,1774,1602,1821,1601,1601,1601,1831,532,495,1993,769,1561,2087,1999,1997,946,1993,768,765,1560,0,1066,1559,1556,1564,1559,1092,1983,1171,748,1554,1556,558,1132,951,2008,845,823,2134,991,805,808,793,806,803,793,799,804,803,1810,1062,935,928,1008,872,862,925,2155,1151,1042,2053,2002,1576,1554,1026,1699,984,914,1560,766,768,763,763,788,937,2123,2135,2170,1495,1901,1986,1713,1106,1104,1125,1393,1071,1079,1559,1748,1076,603,927,930,850,1044,1140,1754,1750,1770,1715,782,776,777,775,772,789,767,780,775,772,771,776,773,772,776,782,779,769,770,779,768,772,784,774,772,768,784,771,777,918,1097,1557,1558,1558,858,895,1035,1034,1035,1556,1556,1162,1044,1040,1797,1438,1461,1428,1441,1436,1451,1435,2036,2090,770,867,768,872,871,869,876,867,765,775,868,1136,1116,1789,1172,964,1042,1599,2088,1464
50,2123,966,1427,1539,1465,1695,1463,1464,1463,1695,1053,1023,2011,952,1456,2097,2018,2019,950,2009,947,947,1428,1066,0,1429,1426,1430,1428,1045,2022,813,963,1427,1428,1036,1196,914,1968,814,930,2100,1071,839,845,832,837,833,832,829,840,839,1538,1169,843,843,1123,968,974,912,2119,1242,505,2081,1960,1455,1426,1079,1654,1083,900,1445,944,945,947,946,889,1051,2089,2100,2128,1519,1911,1977,1774,1168,1172,1162,1296,1160,1180,1433,1777,1160,1096,857,1014,811,1133,1227,1785,1673,1688,1780,967,951,963,968,954,963,948,969,949,952,975,965,954,957,968,954,967,950,956,968,949,955,971,957,953,962,967,951,955,1012,1153,1424,1426,1426,826,993,1152,1147,1150,1422,1425,1187,1058,1055,1806,1297,1308,1291,1290,1289,1300,1297,2021,2107,976,1096,980,1103,1103,1101,1088,1095,987,997,1099,778,1225,1559,774,1097,797,1446,2103,1553
51,2115,1527,2064,1837,544,733,546,549,547,727,1562,1567,2051,1441,603,2099,2047,2047,1557,2043,1439,1439,577,1559,1429,0,2001,2094,2298,1570,2123,1477,1464,1192,1178,1560,1484,1548,1989,1465,1364,2106,1384,1453,1459,1451,1459,1463,1451,1451,1453,1453,1835,1347,1528,1522,1305,1480,1475,1501,2119,1415,1412,2100,1985,717,1900,1386,1916,1446,1525,605,1439,1439,1441,1437,1408,1505,2096,2111,2145,1789,2014,1994,1812,1356,1359,1342,1395,1350,1363,1152,1825,1362,1572,1518,1494,1465,1315,1376,1816,2015,1828,1926,1437,1441,1439,1437,1440,1437,1439,1439,1441,1442,1456,1437,1437,1441,1441,1437,1435,1440,1442,1440,1439,1443,1439,1443,1441,1437,1442,1441,1444,1507,1503,1997,1997,2018,1460,1501,1325,1323,1325,1859,1961,1689,1609,1600,1855,1680,1694,1677,1681,1692,1689,1682,2017,2114,1478,1525,1475,1522,1520,1521,1523,1525,1479,1480,1521,1468,1371,1854,1467,1257,1365,572,2096,1744
52,2116,1528,2022,1834,548,737,550,552,550,736,1557,1564,2051,1441,596,2101,2049,2049,1553,2042,1439,1440,583,1556,1426,2001,0,1998,2000,1570,2122,1475,1461,1187,1176,1555,1489,1549,1988,1464,1362,2106,1387,1451,1456,1449,1455,1457,1449,1449,1451,1451,1831,1345,1528,1524,1305,1480,1475,1501,2117,1422,1411,2101,1984,725,1963,1389,1914,1443,1525,598,1439,1440,1441,1438,1409,1505,2092,2111,2144,1787,2015,1991,1803,1356,1358,1345,1394,1355,1362,1161,1825,1359,1573,1520,1494,1464,1317,1378,1813,2015,1825,1926,1437,1443,1438,1438,1442,1439,1440,1439,1443,1444,1454,1436,1438,1442,1441,1438,1435,1441,1443,1440,1440,1445,1439,1443,1442,1437,1442,1443,1447,1504,1503,2259,2264,2254,1461,1503,1324,1324,1327,1907,1973,1684,1610,1600,1857,1681,1698,1679,1681,1692,1690,1683,2014,2113,1476,1523,1473,1518,1518,1519,1521,1523,1478,1478,1519,1470,1370,1850,1465,1251,1367,590,2096,1744
53,2117,1532,2039,1836,551,742,553,556,554,732,1566,1571,2050,1443,589,2102,2049,2049,1560,2043,1442,1442,581,1564,1430,2094,1998,0,2080,1572,2123,1477,1464,1173,1169,1563,1491,1552,1988,1467,1369,2106,1390,1452,1457,1450,1458,1462,1450,1450,1452,1452,1834,1351,1534,1529,1314,1488,1484,1504,2120,1419,1414,2100,1984,727,1885,1394,1916,1449,1527,595,1441,1442,1443,1442,1414,1509,2094,2113,2146,1791,2018,1993,1810,1359,1361,1348,1400,1356,1368,1138,1826,1365,1575,1522,1496,1467,1319,1382,1815,2015,1829,1928,1443,1445,1445,1445,1445,1443,1443,1445,1445,1446,1460,1444,1442,1445,1447,1440,1441,1444,1446,1446,1443,1447,1445,1447,1445,1443,1446,1445,1449,1509,1505,1992,1993,2011,1463,1504,1329,1332,1332,1838,1935,1690,1610,1601,1860,1685,1700,1683,1685,1695,1693,1687,2016,2114,1480,1526,1477,1522,1521,1522,1524,1526,1481,1482,1522,1472,1380,1852,1470,1263,1367,588,2097,1748
54,2116,1527,2055,1836,549,737,551,555,552,732,1562,1567,2051,1441,604,2100,2047,2047,1557,2043,1440,1440,579,1559,1428,2298,2000,2080,0,1570,2123,1476,1463,1184,1168,1560,1484,1549,1989,1465,1365,2105,1384,1453,1458,1451,1459,1463,1451,1451,1453,1453,1834,1347,1529,1523,1305,1480,1475,1501,2119,1416,1411,2100,1985,714,1893,1386,1915,1448,1526,606,1440,1440,1442,1438,1408,1505,2095,2110,2144,1789,2016,1993,1811,1357,1359,1343,1394,1351,1364,1146,1826,1362,1572,1519,1494,1465,1316,1375,1815,2015,1828,1926,1437,1441,1439,1437,1440,1437,1439,1439,1441,1442,1455,1437,1437,1441,1441,1437,1435,1440,1442,1440,1439,1443,1439,1443,1441,1437,1443,1441,1444,1508,1503,1992,1995,2013,1461,1501,1325,1323,1325,1855,1952,1689,1609,1600,1855,1679,1694,1677,1679,1691,1689,1681,2016,2114,1479,1526,1476,1522,1521,1522,1524,1526,1480,1481,1522,1469,1371,1853,1465,1258,1366,577,2097,1744
55,2153,962,1573,1737,1604,1819,1603,1603,1603,1826,1081,1068,1984,894,1592,2095,1989,1988,874,2006,892,891,1581,1092,1045,1570,1570,1572,1570,0,1808,1187,966,1564,1567,1072,1148,832,2007,789,893,2152,1027,749,753,748,749,746,748,741,754,754,1741,1167,781,771,1119,986,977,577,2154,1226,1047,2052,1999,1588,1567,1032,1752,1069,678,1566,889,893,890,887,873,1004,2132,2146,2168,1379,1900,1997,1739,1171,1170,1161,1529,1160,1168,1571,1747,1190,1101,772,1013,786,1155,1221,1752,1760,1752,1678,890,891,885,904,885,902,885,901,892,899,901,892,888,889,903,885,890,890,894,904,890,897,896,889,900,894,907,886,892,1024,1106,1569,1573,1573,783,1010,1156,1143,1154,1566,1569,1096,810,817,1759,1585,1582,1576,1576,1571,1580,1579,2053,2094,948,1032,946,1031,1032,1032,1028,1032,952,956,1029,1128,1188,1758,1167,1127,1112,1594,2096,1490
56,2239,1951,2121,2055,2132,2205,2132,2132,2132,2205,1977,1975,2259,1935,2132,2272,2254,2253,1925,2244,1933,1933,2120,1983,2022,2123,2122,2123,2123,1808,0,2015,1942,2121,2123,1974,1963,1912,2177,1879,1913,2251,1986,1863,1861,1863,1864,1867,1863,1865,1864,1863,2062,1986,1862,1864,1981,1966,1964,1791,2301,2030,2007,2266,2176,2131,2123,1940,2145,1975,1862,2122,1932,1937,1934,1933,1920,1963,2249,2238,2227,2064,2249,2176,2183,2027,2028,2028,2019,2005,2008,2123,2182,2001,1983,1858,1966,1874,2014,2023,2182,2191,2182,2095,1934,1928,1933,1933,1929,1932,1928,1929,1928,1930,1933,1936,1928,1927,1931,1930,1933,1928,1925,1933,1928,1930,1934,1929,1930,1931,1933,1926,1925,1970,1977,2122,2122,2123,1877,1969,2031,2029,2030,2123,2122,1962,1902,1901,2189,2015,2017,2012,2013,2009,2019,2012,2267,2265,1947,1932,1945,1932,1934,1933,1933,1932,1947,1945,1933,1998,2037,2042,2008,1994,2006,2126,2228,2050
57,2118,1028,1477,1610,1516,1740,1516,1516,1516,1738,1130,1106,2000,1051,1498,2108,2049,2047,1052,2033,1052,1052,1503,1171,813,1477,1475,1477,1476,1187,2015,0,1043,1481,1483,1135,1098,1065,1959,955,1033,2128,1185,957,960,946,951,952,946,945,951,955,1613,1111,1012,1010,1043,1063,1076,1044,2129,1280,777,2053,1944,1496,1477,985,1672,1146,1033,1485,1047,1050,1052,1053,1014,1134,2117,2128,2113,1520,1925,1963,1791,1248,1250,1248,1350,1228,1244,1487,1808,1124,1212,1017,1118,944,1217,1269,1811,1694,1699,1737,1055,1052,1055,1060,1055,1055,1050,1065,1049,1052,1064,1057,1060,1048,1061,1054,1057,1051,1052,1061,1050,1052,1061,1055,1052,1051,1058,1049,1055,1083,1216,1474,1477,1477,974,1103,1216,1208,1210,1478,1477,1196,1134,1128,1792,1232,1246,1228,1229,1223,1236,1233,2018,2110,1082,986,1085,987,987,983,978,987,1084,1094,984,539,1274,1625,506,1152,890,1496,2088,1525
60,2146,632,1466,1734,1514,1755,1513,1514,1513,1763,735,725,1970,561,1486,2089,1977,1977,826,1992,559,558,1488,748,963,1464,1461,1464,1463,966,1942,1043,0,1458,1462,699,935,783,2019,637,595,2149,787,583,591,573,590,584,572,580,591,594,1756,901,709,710,861,593,604,751,2154,1018,931,2036,2006,1491,1464,804,1693,818,767,1471,555,561,556,556,544,699,2140,2145,2181,1396,1877,1995,1705,957,957,944,1331,924,922,1462,1705,963,784,715,711,656,871,1016,1713,1714,1673,1592,571,569,578,569,568,581,569,578,568,569,565,574,573,566,574,575,572,570,572,571,570,573,580,567,565,569,576,577,565,702,901,1464,1462,1464,649,658,866,857,858,1461,1463,1075,891,888,1742,1376,1391,1369,1375,1367,1385,1373,2030,2089,575,724,585,717,721,724,719,723,581,576,722,1032,969,1751,1086,798,826,1506,2087,1341
61,2119,1529,1181,1835,572,743,574,575,573,762,1558,1560,2051,1435,594,2102,2049,2049,1553,2048,1433,1433,571,1554,1427,1192,1187,1173,1184,1564,2121,1481,1458,0,2217,1550,1484,1536,1985,1457,1356,2109,1378,1446,1451,1444,1450,1452,1444,1444,1448,1446,1833,1344,1525,1522,1302,1477,1469,1499,2118,1417,1409,2100,1981,732,1128,1374,1916,1431,1514,599,1435,1435,1436,1434,1408,1503,2094,2111,2151,1788,2019,1989,1801,1354,1356,1346,1390,1357,1365,2002,1822,1352,1566,1518,1500,1455,1322,1373,1814,2017,1827,1926,1430,1433,1431,1434,1433,1431,1431,1432,1433,1434,1444,1431,1431,1430,1436,1428,1428,1432,1434,1435,1431,1435,1432,1432,1434,1432,1435,1433,1436,1516,1507,1186,1185,1191,1453,1498,1311,1312,1315,1103,1144,1677,1612,1603,1855,1680,1697,1677,1682,1689,1692,1681,2014,2117,1479,1524,1480,1518,1519,1518,1522,1524,1484,1479,1518,1466,1370,1852,1461,1256,1361,619,2098,1743
62,2118,1531,1170,1834,563,738,564,567,565,756,1562,1564,2050,1438,601,2102,2050,2050,1553,2048,1436,1436,565,1556,1428,1178,1176,1169,1168,1567,2123,1483,1462,2217,0,1553,1485,1539,1985,1461,1357,2109,1378,1448,1453,1446,1452,1454,1446,1446,1450,1448,1834,1344,1526,1524,1301,1480,1473,1502,2118,1414,1411,2100,1981,730,1122,1374,1918,1432,1517,599,1438,1438,1437,1437,1412,1505,2094,2111,2152,1787,2020,1989,1802,1350,1352,1342,1387,1352,1360,1987,1822,1351,1567,1520,1503,1459,1318,1372,1814,2018,1827,1927,1432,1435,1434,1436,1435,1433,1433,1434,1435,1436,1446,1433,1431,1433,1438,1430,1430,1434,1434,1437,1433,1437,1432,1434,1436,1434,1435,1435,1438,1514,1510,1177,1175,1179,1457,1497,1312,1313,1316,1097,1135,1680,1614,1605,1854,1679,1696,1676,1681,1688,1691,1680,2013,2117,1484,1528,1484,1522,1522,1522,1526,1528,1488,1484,1522,1468,1366,1853,1461,1259,1364,611,2098,1745
64,2149,810,1563,1760,1599,1819,1598,1598,1598,1827,519,502,1979,743,1556,2086,1981,1984,929,1984,723,721,1549,558,1036,1560,1555,1563,1560,1072,1974,1135,699,1550,1553,0,1093,912,2009,823,779,2132,959,780,781,766,773,776,767,769,780,779,1799,1080,912,898,1007,804,801,888,2158,1120,1011,2045,2011,1565,1559,994,1701,941,915,1557,723,731,717,718,741,896,2117,2135,2168,1475,1891,1990,1718,1062,1064,1077,1380,1045,1045,1557,1743,1066,531,893,876,831,1024,1114,1748,1744,1736,1696,738,739,737,733,736,747,727,738,738,734,745,734,728,732,733,736,734,730,728,736,728,735,741,737,734,729,747,729,732,876,1071,1555,1556,1559,832,839,990,984,985,1557,1557,1135,1033,1028,1788,1437,1462,1430,1435,1442,1453,1437,2023,2087,715,830,709,838,837,836,834,830,709,727,838,1113,1087,1772,1156,957,1006,1591,2086,1445
65,2142,986,1493,1699,1514,1761,1513,1512,1513,1768,1101,1070,1933,949,1495,2092,2001,2002,1106,2025,957,953,1489,1132,1196,1484,1489,1491,1484,1148,1963,1098,935,1484,1485,1093,0,1067,1944,920,831,2150,980,912,909,900,915,910,900,907,912,912,1706,903,1041,1035,854,982,983,1033,2123,1131,1176,1968,1936,1511,1487,769,1693,866,1050,1486,952,954,949,951,930,1066,2138,2119,2132,1499,1916,1924,1706,1106,1102,1109,1513,1084,1099,1496,1727,953,1149,1017,1055,921,1052,1132,1741,1819,1758,1642,940,946,935,944,949,961,947,946,948,949,954,941,954,951,946,949,941,948,952,947,947,947,948,948,949,941,949,946,949,1050,1176,1489,1489,1490,932,1055,1036,1028,1032,1491,1490,1249,1224,1220,1716,1478,1499,1470,1476,1482,1482,1475,2025,2078,1022,943,1023,943,944,944,938,942,1027,1027,942,1075,1117,1714,1104,1003,1166,1526,2058,1432
66,2163,853,1551,1690,1575,1797,1574,1575,1574,1802,927,928,1975,801,1538,2091,1996,1994,630,1996,785,781,1524,951,914,1548,1549,1552,1549,832,1912,1065,783,1536,1539,912,1067,0,2005,630,737,2150,896,625,621,614,617,610,614,619,627,624,1705,1013,651,635,957,812,799,680,2152,1111,917,2043,2007,1567,1544,889,1698,895,590,1533,778,777,780,783,711,879,2135,2143,2171,1291,1879,2001,1708,1066,1064,1056,1399,1051,1057,1541,1731,1045,975,644,865,637,1001,1097,1724,1588,1745,1672,779,781,774,782,785,798,781,787,781,781,797,782,775,779,787,781,780,780,783,783,780,783,779,783,781,780,798,780,784,865,981,1549,1549,1549,648,840,998,991,1000,1546,1549,900,787,786,1747,1429,1433,1424,1420,1414,1429,1425,2034,2095,837,930,849,932,935,931,933,930,850,848,933,1033,1113,1712,1063,919,973,1568,2086,1443
67,1669,1993,1989,1934,2003,2152,2003,2003,2003,2150,2009,2009,2051,2000,1990,2120,2095,2095,2025,2094,2001,2001,1982,2008,1968,1989,1988,1988,1989,2007,2177,1959,2019,1985,1985,2009,1944,2005,0,1996,2000,1898,2007,2002,2003,2003,2003,2001,2003,2002,2001,2005,1889,1957,2003,2004,1968,2015,2019,2011,1839,2030,1956,1980,85,2002,1989,1962,1947,1980,2013,1991,2000,2002,1999,2001,2010,2015,1872,1796,1808,2004,2124,18,1619,2029,2033,2021,1811,2031,2028,1985,1853,1953,2010,2004,2022,1991,2022,2021,1868,2107,2044,2133,2002,1999,2002,2002,1999,1999,1999,2002,1999,2000,1999,2002,2003,2000,2003,2003,2003,1998,1997,2002,1998,2000,2000,2000,2000,2000,2004,2000,1997,1991,2016,1988,1988,1990,1993,2003,2024,2018,2024,1985,1988,2033,2029,2026,1596,1864,1870,1856,1863,1865,1864,1857,2010,1925,2005,1985,2006,1982,1985,1985,1981,1985,2006,2005,1984,1945,2027,1921,1938,2002,1942,2005,1912,1893
69,2154,705,1470,1599,1531,1763,1530,1531,1530,1772,825,823,1941,616,1474,2086,1964,1961,693,1989,600,598,1459,845,814,1465,1464,1467,1465,789,1879,955,637,1457,1461,823,920,630,1996,0,518,2134,691,474,471,465,467,467,465,461,473,486,1610,906,555,547,830,645,645,626,2155,1013,747,2029,1998,1496,1463,725,1718,717,539,1452,593,595,594,598,558,795,2129,2134,2168,1257,1855,2005,1679,940,940,929,1337,928,936,1465,1678,968,892,546,698,1636,872,948,1674,1652,1703,1588,614,608,608,614,608,623,604,621,607,610,608,614,598,598,617,604,615,604,609,614,603,613,624,598,608,599,612,612,612,794,838,1464,1464,1466,1690,689,880,865,878,1462,1470,920,750,748,1712,1389,1398,1382,1378,1370,1390,1385,2034,2092,674,812,687,808,799,800,803,812,693,691,798,920,990,1630,955,778,872,1513,2086,1362
74,2135,670,1370,1728,1411,1664,1410,1411,1410,1672,798,763,1938,551,1387,2081,1960,1960,786,1985,553,553,1390,823,930,1364,1362,1369,1365,893,1913,1033,595,1356,1357,779,831,737,2000,518,0,2132,575,517,517,504,520,514,504,509,522,514,1713,782,637,618,763,620,613,678,2144,884,885,2010,1999,1393,1359,658,1680,666,660,1373,563,562,554,564,538,755,2124,2125,2174,1361,1888,2004,1640,803,808,785,1317,815,821,1367,1634,827,839,628,717,539,768,810,1653,1686,1682,1603,566,552,567,564,556,575,555,579,551,557,570,566,575,561,569,567,567,554,557,565,555,559,571,570,556,569,573,562,553,778,885,1364,1362,1365,536,693,714,709,701,1361,1372,1015,869,880,1680,1374,1385,1372,1370,1367,1387,1376,2026,2083,626,761,643,764,770,766,755,761,642,647,769,1008,856,1746,1050,639,839,1401,2081,1337
76,1846,2131,2105,2097,2107,2224,2106,2105,2106,2223,2137,2137,1928,2135,2112,2194,1809,1809,2147,2130,2132,2132,2113,2134,2100,2106,2106,2106,2105,2152,2251,2128,2149,2109,2109,2132,2150,2150,1898,2134,2132,0,2135,2136,2135,2135,2137,2137,2135,2137,2135,2134,2089,2144,2137,2140,2146,2145,2146,2143,2023,2150,2105,2065,1895,2110,2105,2134,2170,2155,2144,2115,2133,2131,2132,2131,2126,2151,809,1185,1835,2161,2221,1891,1999,2144,2143,2138,1997,2144,2142,2109,1995,2144,2142,2142,2152,2137,2137,2140,1998,2245,2157,2242,2129,2130,2130,2129,2126,2129,2130,2131,2130,2130,2132,2131,2130,2129,2130,2126,2129,2130,2129,2129,2130,2130,2128,2125,2130,2132,2131,2130,2128,2147,2152,2107,2107,2110,2134,2138,2144,2144,2142,2106,2108,2175,2149,2149,2025,2072,2069,2074,2073,2075,2067,2074,2135,2129,2135,2150,2136,2149,2148,2149,2150,2150,2134,2134,2149,2117,2131,2100,2115,2131,2106,2105,2119,2103
77,2136,860,1391,1759,1429,1660,1430,1431,1430,1670,977,950,1909,785,1425,2086,1961,1959,944,1996,788,789,1403,991,1071,1384,1387,1390,1384,1027,1986,1185,787,1378,1378,959,980,896,2007,691,575,2135,0,700,700,684,697,694,684,684,697,703,1773,782,851,836,762,812,801,839,2144,870,1038,2030,2015,1414,1384,694,1736,782,811,1410,789,788,788,791,726,909,2110,2136,2175,1470,1932,2003,1643,828,827,830,1334,812,818,1391,1629,893,1014,856,911,703,755,860,1631,1775,1714,1689,778,779,773,786,781,785,783,785,778,787,795,778,788,780,785,789,776,784,790,783,782,792,785,790,789,782,786,775,786,885,1072,1386,1387,1390,706,852,741,741,741,1380,1396,1161,1049,1044,1697,1484,1505,1480,1482,1483,1497,1483,2017,2070,822,924,824,926,928,926,920,924,826,827,927,1145,872,1767,1161,684,977,1427,2078,1466
78,2152,640,1451,1634,1513,1745,1512,1512,1512,1751,772,768,1948,561,1464,2095,1971,1970,689,1981,553,550,1467,805,839,1453,1451,1452,1453,749,1863,957,583,1446,1448,780,912,625,2002,474,517,2136,700,0,2071,2054,2047,2053,2058,2074,2027,2070,1639,865,528,524,814,607,602,628,2137,987,779,2031,1990,1482,1446,741,1673,693,561,1449,545,563,540,550,542,696,2124,2134,2173,1282,1841,2005,1689,903,900,887,1332,893,906,1456,1687,881,841,528,703,467,832,912,1691,1648,1693,1585,573,554,571,565,555,564,557,565,555,563,565,576,563,556,569,563,572,558,562,568,559,563,578,570,562,559,570,561,557,709,800,1452,1450,1451,487,643,805,792,810,1448,1451,916,765,769,1719,1369,1381,1361,1358,1352,1372,1365,2036,2092,646,791,656,793,790,793,790,792,655,661,789,909,959,1667,948,733,803,1491,2084,1334
79,2153,653,1457,1638,1515,1746,1514,1514,1514,1751,776,770,1948,563,1464,2098,1973,1971,689,1982,559,556,1467,808,845,1459,1456,1457,1458,753,1861,960,591,1451,1453,781,909,621,2003,471,517,2135,700,2071,0,2042,2037,2036,2044,2063,2025,2063,1641,867,530,526,807,618,610,622,2140,986,777,2031,1989,1487,1452,738,1672,697,565,1452,550,567,547,557,535,700,2124,2136,2173,1282,1846,2006,1692,906,904,887,1331,893,904,1461,1690,879,844,533,712,466,830,915,1693,1645,1692,1585,574,559,572,568,563,571,561,566,560,563,568,579,567,560,571,568,575,562,566,570,563,565,578,572,562,561,571,564,562,727,800,1457,1455,1457,485,645,810,790,813,1454,1458,919,761,765,1720,1373,1381,1366,1363,1358,1374,1368,2036,2095,653,795,659,796,793,796,794,796,659,665,792,914,961,1670,952,728,808,1495,2084,1332
80,2151,641,1449,1629,1508,1743,1507,1507,1507,1748,767,760,1949,554,1464,2098,1974,1972,689,1981,546,543,1463,793,832,1451,1449,1450,1451,748,1863,946,573,1444,1446,766,900,614,2003,465,504,2135,684,2054,2042,0,2013,2020,2320,2095,1998,2041,1631,859,517,516,802,598,590,616,2139,982,764,2034,1995,1479,1444,729,1675,692,567,1448,534,556,533,543,522,691,2125,2137,2174,1276,1842,2012,1695,904,900,884,1326,891,900,1454,1691,878,837,519,698,466,825,908,1696,1648,1692,1586,563,547,560,557,548,555,552,559,547,553,557,568,555,550,562,556,563,552,555,559,553,554,568,563,552,553,563,555,552,710,796,1450,1448,1449,478,636,810,794,812,1446,1449,915,764,771,1713,1366,1378,1359,1354,1351,1368,1361,2036,2094,637,780,644,781,778,780,777,781,644,651,777,904,958,1663,942,723,800,1486,2083,1329
