IDS,1,2,3,7,9,11,12,13,15,16,18,19,20,25,26,29,31,32,34,36,37,38,39,45,50,51,52,53,54,55,56,57,60,61,62,64,65,66,67,69,74,76,77,78,79,80,81,83,85,87,89,90,91,92,98,99,101,103,104,105,106,107,109,111,113,114,115,116,122,125,127,128,131,132,133,134,135,136,138,141,142,143,144,147,148,152,153,154,158,162,163,164,168,169,172,175,178,180,181,182,183,185,189,190,193,194,195,196,197,198,200,201,202,203,204,205,207,208,209,210,211,212,213,214,215,216,217,218,219,220,221,222,223,224,227,228,229,230,231,237,238,239,240,241,242,243,244,245,246,247,248,249,250,252,253,254,257,258,260,262,264,269,270,273,275,276,278,279,280,282,284,287,288,289,291,295,297,298
1,0,153411,153064,153056,153234,154086,153234,153234,153234,153947,153589,153618,151213,152991,153389,155621,148697,148697,153913,153773,153018,153018,153229,153564,152684,153047,153070,153122,153067,153523,157812,152577,153391,153156,153136,153479,153108,153825,138518,153337,152787,146580,152780,153412,153443,153392,153432,153418,153392,153478,153383,153432,152277,153026,153301,153231,152549,153540,153615,153243,136937,153579,152628,156369,138909,153214,153060,152677,153384,153442,153330,153187,153072,153071,153058,152999,153085,153429,146192,148964,148184,153593,156033,137600,146991,153582,153512,153561,148415,153600,153516,153174,147306,152750,153602,153300,153491,153236,153466,153390,147352,156747,154031,154561,152988,153034,153008,153008,152942,153046,152991,152978,153034,153030,152987,152987,152912,153058,153028,152994,153006,153034,152989,153028,153035,153010,152944,152948,153010,153035,153006,153014,153035,153613,153681,153072,153070,153079,153275,153514,153293,153243,153126,153093,153158,154255,153827,153819,146353,150392,150493,150429,150387,150396,150491,150406,153280,152463,153443,153291,153443,153269,153257,153246,153272,153291,153389,153400,153289,152405,153112,152787,152390,153016,152152,153250,152283,151990
2,153411,0,130803,135516,131595,141239,131557,131557,131558,141499,101080,101361,148771,88168,131184,151688,150040,149949,104361,147589,87951,87901,130979,101923,105637,130683,130641,130759,130691,106434,147786,107065,90671,130766,130821,100446,106914,102040,146369,93181,91211,154533,100891,89656,90061,89939,89857,89969,89909,89917,90108,90127,135223,108817,98238,97496,103818,89015,89063,97673,153441,114623,104531,151455,146342,131225,130778,98662,132884,103578,100423,130691,88128,87964,88149,88013,81370,97119,154401,154713,155393,125543,143718,146058,138677,113646,113614,113493,122342,112965,112680,130889,138715,108834,103517,96693,92275,92730,110372,113875,138783,140228,137816,133988,87883,87659,87749,88025,87798,88193,87534,87904,87662,87910,88405,87813,87662,87890,88063,87663,87804,87554,87820,88050,87598,87825,88105,88025,87878,88011,87949,87612,87808,95133,106146,130657,130620,130705,92895,90365,110712,110351,110577,130781,130752,114125,108669,108679,139192,111611,112021,111491,111589,111111,111745,111549,149979,151699,91578,92645,91557,92442,92461,92458,92761,92639,91683,91546,92452,105222,113760,135860,106347,106911,96322,131630,150863,117656
3,153064,130803,0,142610,52574,74228,52567,52629,52629,74177,131837,132256,151770,127742,54997,152823,152153,152150,131974,150152,127403,127403,74021,131686,127882,21402,21237,22303,21544,131672,154123,129075,129157,27303,27401,131448,128097,130774,147329,128334,123939,153875,124601,127367,127540,127436,127537,127628,127436,127387,127389,127421,142140,121680,130044,129816,118591,129743,129998,129560,153247,124547,127051,153666,147348,42753,21416,124043,143474,128207,130864,52456,127492,127402,127455,127351,127197,130445,153500,153976,154922,140108,149191,147346,142660,123696,123803,123454,124875,122985,122930,27969,142878,121827,132056,129576,129946,128274,121139,125218,142635,149172,143188,147220,127359,127498,127405,127408,127513,127381,127441,127408,127495,127522,127889,127416,127495,127512,127463,127435,127319,127464,127530,127423,127465,127551,127425,127573,127496,127499,127477,127486,127562,130573,130902,21444,21215,21257,128180,130122,122043,121800,122022,21732,21324,135928,133429,133127,144071,137053,137341,137089,137066,137176,137106,137122,149968,152668,129286,130369,129238,130254,130230,130243,130348,130369,129256,129291,130247,128762,123730,143064,128612,118820,126025,54612,152055,137926
7,153056,135516,142610,0,142995,150728,142995,142995,142996,150771,138638,138740,154112,135715,143086,153348,154971,154937,135908,151282,135424,135424,143023,138551,128101,142661,142586,142635,142640,135634,152087,130113,136232,142639,142615,138204,135909,134411,146492,129212,135408,153648,137790,131492,131662,131474,131533,131526,131474,131571,131634,131520,67583,139950,133885,133655,138867,136724,137152,134157,154734,142059,126993,154870,146610,142725,142682,137171,142426,138258,134896,142915,135438,135502,135498,135471,135374,138735,153624,152821,153861,143116,150964,146505,148323,141729,141749,141614,136616,141721,141485,142732,148116,140506,138903,133483,136972,129058,140693,140591,147971,150642,145123,148147,135406,135439,135355,135393,135406,135471,135290,135386,135395,135451,135647,135469,135394,135476,135388,135299,135381,135285,135468,135388,135303,135429,135410,135405,135458,135507,135537,135380,135440,137852,137139,142602,142612,142592,129020,137449,140367,140238,140318,142600,142666,139484,137955,137827,148335,138000,137947,138013,137771,137733,138013,138059,153113,152882,136215,137044,136160,137055,137053,137027,137148,137038,136249,136336,137028,129571,141108,17708,129448,139506,134049,143234,151426,137785
9,153234,131595,52574,142995,0,46715,23875,23878,23887,47520,133234,133475,151831,129383,69517,152907,152235,152233,133391,150237,129237,129217,84658,133203,129103,52868,52541,53343,53123,132969,154563,130415,130791,53003,53047,132905,129414,131899,147646,130289,125902,154001,126776,129381,129459,129347,129509,129472,129348,129361,129355,129341,143004,123737,131125,130974,121139,131221,131471,131058,153431,126642,128551,153570,147572,59733,53017,126003,144384,129813,131780,67532,129272,129228,129345,129323,128824,132335,153750,153943,154975,140865,149223,147615,143008,125941,126040,125862,127189,125379,125358,53471,143363,124129,133561,130892,131246,130222,123877,127353,143151,149547,143520,147767,129171,129220,129222,129312,129178,129297,129119,129209,129217,129254,129526,129234,129266,129207,129238,129156,129162,129142,129276,129281,129143,129297,129213,129304,129258,129273,129287,129183,129238,131994,132158,52593,52565,52402,130125,131268,124215,123941,124124,53515,52649,136728,134676,134387,144260,137910,138137,137920,137921,138177,137983,137953,149883,152722,130625,131569,130625,131414,131410,131400,131521,131569,130650,130600,131404,129920,125819,143613,129863,121550,127579,30315,152080,138623
11,154086,141239,74228,150728,46715,0,46712,46681,46710,48408,143023,143259,156717,139802,89616,156166,152340,152338,142958,154179,139792,139792,102202,142902,139413,74561,74191,75004,74806,142766,156837,140484,141181,74294,74380,142640,140458,141964,153815,140805,137444,158038,137381,140003,140050,139997,140081,140077,139998,139971,139990,140006,151213,135734,141388,141332,133759,141695,141796,141385,158092,138020,138996,157519,153775,80621,74640,137689,152002,140569,141770,87977,139818,139795,139872,139866,139431,142186,157721,158149,155232,148508,153500,153830,149124,137165,137254,137173,139313,137093,137032,74662,149275,136403,143144,141295,141462,140824,135835,138171,149186,154743,148940,147834,139725,139772,139776,139844,139730,139852,139694,139763,139769,139804,139974,139790,139799,139746,139791,139707,139718,139694,139807,139814,139695,139847,139722,139853,139806,139834,139798,139735,139790,142151,142101,74193,74198,74033,140749,141369,135733,135563,135667,75066,74339,145574,144030,143828,150147,146869,147014,146859,146894,147054,146891,146892,153866,156640,141097,141870,141113,141745,141743,141755,141869,141870,141119,141057,141739,140269,137166,151361,140174,133887,138172,53230,156070,146847
12,153234,131557,52567,142995,23875,46712,0,23857,23885,47507,133240,133481,151831,129395,69511,152907,152228,152226,133401,150237,129255,129235,84632,133195,129084,52861,52535,53334,53116,132956,154563,130430,130771,52980,53030,132898,129379,131895,147646,130272,125882,153978,126790,129377,129455,129343,129505,129468,129344,129357,129351,129337,143004,123749,131114,130963,121119,131201,131451,131045,153448,126615,128549,153570,147572,59792,53013,126015,144384,129822,131789,67532,129290,129246,129363,129341,128804,132325,153720,153913,154968,140833,149283,147615,143002,125957,126056,125878,127164,125372,125351,53430,143357,124158,133521,130887,131239,130206,123870,127316,143145,149547,143500,147747,129189,129238,129240,129330,129196,129315,129137,129227,129235,129272,129544,129252,129284,129225,129256,129174,129180,129160,129294,129299,129161,129315,129231,129322,129276,129291,129305,129201,129256,132003,132145,52587,52559,52396,130108,131288,124179,123905,124088,53480,52633,136753,134663,134374,144289,137910,138137,137920,137921,138177,137983,137932,149863,152722,130614,131558,130615,131404,131400,131390,131511,131558,130640,130590,131394,129918,125812,143613,129861,121547,127559,30277,152080,138603
13,153234,131557,52629,142995,23878,46681,23857,0,23884,47535,133240,133481,151831,129372,69600,152907,152228,152226,133401,150237,129226,129206,84628,133195,129104,52923,52585,53396,53185,132956,154563,130424,130791,53015,53081,132898,129359,131915,147646,130292,125902,153958,126810,129377,129455,129343,129505,129468,129344,129357,129351,129337,143004,123772,131115,130963,121145,131201,131451,131067,153448,126635,128573,153570,147572,59825,53075,126035,144364,129822,131809,67518,129261,129217,129334,129312,128824,132304,153720,153912,154988,140833,149283,147615,143002,125957,126056,125878,127184,125372,125351,53481,143357,124178,133541,130887,131239,130226,123850,127316,143145,149547,143500,147747,129160,129209,129211,129301,129147,129286,129108,129198,129206,129243,129515,129223,129255,129196,129227,129123,129151,129131,129265,129270,129132,129266,129202,129293,129247,129262,129276,129172,129227,131983,132145,52637,52609,52446,130128,131268,124179,123885,124068,53542,52713,136724,134663,134374,144289,137910,138137,137920,137921,138177,137983,137932,149863,152722,130634,131578,130635,131424,131420,131410,131531,131578,130660,130610,131414,129918,125772,143613,129859,121570,127539,30339,152080,138603
15,153234,131558,52629,142996,23887,46710,23885,23884,0,47521,133240,133481,151833,129373,69549,152911,152249,152247,133402,150237,129227,129207,84641,133195,129085,52923,52601,53396,53178,132957,154563,130431,130771,53033,53098,132898,129380,131896,147646,130273,125883,153978,126791,129378,129456,129344,129506,129469,129345,129358,129352,129338,143005,123749,131115,130964,121149,131202,131452,131046,153448,126666,128550,153570,147572,59850,53091,126015,144384,129823,131790,67554,129262,129218,129335,129313,128805,132305,153720,153913,154968,140834,149284,147615,143002,125988,126087,125909,127183,125403,125382,53499,143358,124185,133521,130888,131240,130207,123901,127345,143145,149547,143500,147748,129161,129210,129212,129302,129168,129287,129109,129199,129207,129244,129516,129224,129256,129197,129228,129146,129152,129132,129266,129271,129133,129287,129203,129294,129248,129263,129277,129173,129228,132003,132146,52653,52625,52462,130109,131269,124199,123925,124108,53558,52719,136725,134664,134375,144289,137910,138137,137920,137921,138177,137983,137932,149863,152722,130614,131558,130615,131404,131400,131390,131511,131558,130640,130590,131394,129919,125843,143614,129862,121578,127560,30332,152085,138604
16,153947,141499,74177,150771,47520,48408,47507,47535,47521,0,143365,143542,156574,140059,89370,156138,152397,152374,143175,154198,140038,140038,101628,143217,139403,74441,74169,74717,74696,142960,156848,140464,141440,74571,74603,142927,140628,142120,153746,141060,137749,158030,137624,140204,140231,140178,140262,140259,140179,140152,140151,140167,151182,135891,141616,141525,134107,141864,141999,141549,157989,138225,139028,157473,153662,80695,74559,137854,152041,140778,142064,87714,140064,140041,140118,140112,139748,142439,157727,158128,155171,148503,153558,153756,149202,137368,137457,137332,139343,137407,137384,74844,149358,136652,143514,141452,141647,141074,136053,138614,149180,154842,148992,148051,139944,140011,140015,140083,139969,140091,139933,140002,140008,140046,140189,140009,140038,139985,140030,139946,139977,139933,140046,140053,139934,140089,139981,140092,140048,140073,140017,139974,140029,142444,142282,74129,74169,74037,140999,141647,135847,135717,135787,75020,74185,145819,144138,143933,150105,146960,147148,146950,146963,147097,146985,146962,153851,156640,141210,141998,141240,141873,141890,141882,142014,141998,141246,141162,141886,140205,137413,151427,140169,134122,138268,53429,156047,146984
18,153589,101080,131837,138638,133234,143023,133240,133240,133240,143365,0,18700,149926,93464,132400,151653,150850,150740,106083,147662,93336,93260,132324,49319,108269,131813,131648,131892,131813,109987,148675,110915,91662,131850,131957,43751,112370,104230,146736,97965,97458,154659,106878,95227,95422,95389,95299,95351,95366,95320,95444,95187,138438,111844,102288,101704,108013,98913,99209,101550,153697,115019,107665,152280,146865,132210,131738,106082,132130,106592,103575,132369,93353,93293,93239,93260,93297,101881,154386,154526,155490,127845,144265,146249,138891,114225,114304,114312,122437,113264,113441,131977,139512,112151,52602,101081,100301,97582,111401,115270,139780,139345,139439,139084,93537,93517,93538,93623,93488,93751,93372,93589,93518,93413,93674,93511,93586,93309,93626,93346,93445,93372,93349,93553,93368,93452,93741,93652,93420,93555,93786,93536,93560,100456,110810,131664,131655,131715,97740,99810,111980,111523,111750,131766,131749,114876,109522,109245,140884,124152,124732,124104,124075,124158,124476,124092,149801,151533,90275,93312,90341,93117,93192,93125,93500,93300,90276,90220,93126,110472,115104,138715,111637,108842,102081,132920,151014,124995
19,153618,101361,132256,138740,133475,143259,133481,133481,133481,143542,18700,0,150156,93587,132660,151681,150959,150956,106335,147783,93440,93364,132638,50329,108113,132221,132109,132302,132221,110175,148750,110681,91966,132213,132320,45579,112195,104617,146764,98396,97121,154665,106824,95590,95718,95676,95668,95753,95673,95658,95793,95601,138584,112339,102544,102048,108461,99485,99778,101615,153635,115376,107445,152419,146876,132610,132201,106062,132104,106317,103567,132549,93365,93300,93326,93322,93448,102256,154472,154508,155551,127953,144299,146142,138995,114698,114809,114628,122623,113557,113696,132364,139762,112731,54043,101231,100580,97922,111810,115086,139973,139567,139452,138935,93593,93594,93628,93612,93548,93864,93433,93563,93589,93515,93726,93620,93610,93531,93679,93488,93536,93497,93522,93585,93479,93544,93733,93790,93531,93581,93877,93565,93656,101045,110487,132147,132095,132176,98150,100279,112326,111865,112122,132151,132147,114788,109704,109370,140814,124315,124917,124289,124277,124313,124756,124342,149825,151600,90455,93635,90586,93365,93352,93315,93738,93623,90542,90455,93320,110243,115793,138934,111664,109053,102645,133276,151114,124684
20,151213,148771,151770,154112,151831,156717,151831,151831,151833,156574,149926,150156,0,148342,151996,154703,133491,133368,149785,151790,148331,148331,151771,150025,150268,151804,151818,151800,151804,149610,158880,149981,149432,151833,151816,149679,148236,149427,150509,148184,148150,147259,147599,148431,148453,148486,148492,148473,148486,148518,148517,148520,153933,147854,149085,148992,147527,149214,149253,148935,148486,149025,150232,130440,150646,151936,151785,147203,155423,149169,149246,151974,148461,148505,148357,148372,148429,149398,146601,147863,153640,151670,154931,150146,137262,149116,149177,149238,152975,149208,149237,151890,137154,147932,150078,148857,149382,148116,148930,149114,136772,156579,153698,156201,148373,148456,148388,148373,148395,148467,148432,148384,148456,148478,148322,148422,148375,148445,148391,148380,148393,148452,148330,148370,148432,148508,148353,148415,148498,148470,148375,148451,148432,150166,150123,151800,151798,151840,148142,148808,149034,149022,148989,151812,151914,150808,150539,150586,133218,153290,153312,153170,153225,153130,153392,153222,152386,154123,149681,149167,149747,149056,149059,149042,149254,149167,149803,149768,149082,149650,149151,154436,149604,148832,149623,151769,153924,151999
25,152991,88168,127742,135715,129383,139802,129395,129372,129373,140059,93464,93587,148342,0,128588,151578,149173,149130,97290,147371,8933,8854,128082,95010,100722,127610,127541,127635,127610,101172,147116,103210,80285,127573,127648,93518,103736,94913,145972,83732,82481,154501,95168,80576,80703,80706,80671,80649,80666,80690,80627,80525,135277,103218,90290,89602,98511,85889,86122,90389,153191,107929,98378,151266,145985,128794,127716,94753,130103,96841,92879,128130,8736,9711,8793,9084,76605,90289,154147,154399,155282,123333,142850,145752,136978,106309,106328,106344,117356,105761,105562,127778,137181,103963,96730,89269,88359,83514,102478,108274,137181,137078,135514,133510,9215,9042,9193,9190,9458,11030,9166,9349,8992,9912,10796,9561,9426,9464,9425,8755,9153,9434,8785,9421,9415,9857,9594,9522,9826,9578,9549,9294,9195,90135,101411,127557,127532,127610,83533,87288,103689,103337,103659,127761,127728,107143,102233,102123,138107,120139,120507,120017,119981,119664,120160,120049,149886,151636,81150,85992,81319,85782,85731,85732,86218,85958,81408,81402,85712,101992,106869,136079,103865,99355,89946,129427,150964,117593
26,153389,131184,54997,143086,69517,89616,69511,69600,69549,89370,132400,132660,151996,128588,0,152909,152323,152310,132358,150384,128428,128428,83874,132197,129082,55237,54807,55242,55374,132591,154412,130201,130000,55103,55358,131888,128551,131147,147469,129083,125089,154097,126134,128143,128160,128219,128219,128262,128219,128171,128115,128186,143154,123341,130936,130731,121084,130323,130542,130403,153544,126007,128042,153861,147429,62071,55384,125725,143935,128722,131412,41715,128425,128399,128407,128403,128099,131352,153938,154002,155150,140741,149406,147492,143182,125389,125509,125307,126526,124492,124440,55920,143588,123518,132665,130652,130640,129075,122638,127063,143357,149235,143414,148036,128203,128383,128232,128286,128355,128250,128270,128256,128340,128342,128624,128257,128278,128302,128341,128323,128230,128286,128332,128301,128290,128388,128247,128325,128346,128260,128309,128291,128363,131132,131567,54908,54729,54664,128910,131027,123349,123088,123350,55528,55301,136272,134073,133803,144402,137788,138089,137790,137755,137936,138008,137801,150180,152876,130028,131199,130005,131006,130993,131002,131074,131199,130023,129960,131006,129861,125385,143673,129670,120767,127326,70805,152129,138497
29,155621,151688,152823,153348,152907,156166,152907,152907,152911,156138,151653,151681,154703,151578,152909,0,154984,155031,151555,146895,151495,151495,152958,151761,151845,152777,152818,152836,152797,151694,158866,152052,151795,152852,152852,151639,151821,151725,152015,151628,151465,156461,151264,151797,151857,151857,151817,151797,151857,151797,151736,151818,153137,151908,151648,151650,151492,151646,152014,151717,155748,151570,151730,156092,151961,152963,152794,151665,153633,151453,151727,152915,151516,151499,151532,151470,151407,151767,156036,156118,156925,152694,153777,152045,149788,151404,151427,151344,152226,151613,151523,152874,149622,151673,151755,151610,151736,151598,151534,151317,149658,154924,152847,156174,151344,151413,151324,151419,151443,151457,151443,151478,151417,151440,151384,151350,151425,151461,151443,151408,151367,151443,151422,151464,151444,151440,151324,151369,151440,151480,151394,151443,151487,152138,151944,152820,152818,152795,151616,151833,151491,151569,151448,152888,152818,151976,151879,151832,150408,152881,152898,152822,152853,152877,152939,152760,153467,153862,151780,151841,151790,151894,151873,151893,151907,151841,151767,151760,151837,151846,151092,153510,151890,151655,151620,152903,151421,152930
31,148697,150040,152153,154971,152235,152340,152228,152228,152249,152397,150850,150959,133491,149173,152323,154984,0,24791,150775,151657,149091,149117,152439,150731,151071,152152,152181,152214,152152,150379,158613,151833,150244,152243,152263,150344,150621,150662,152562,149653,149336,142606,149499,149698,149725,149790,149790,149765,149770,149846,149736,149765,154786,150273,149975,149987,150281,150206,150311,150190,151406,150676,151217,131069,152691,152286,152156,149986,156466,150291,150458,152116,149171,149198,149169,149162,149647,150783,139378,146722,148575,152436,155255,152713,138050,150283,150264,150218,153599,150385,150240,152294,137679,150264,150741,150013,150549,149555,149981,149966,137845,157246,154794,153012,149152,149155,149143,149172,149152,149249,149173,149134,149155,149168,149201,149251,149109,149116,149175,149134,149172,149173,149132,149155,149194,149171,149152,149184,149168,149203,149169,149129,149164,151063,151160,152226,152221,152225,149555,150006,150054,150055,150102,152216,152257,152087,150991,151040,139445,154992,155001,155031,155002,154934,154968,155048,153359,154528,150621,151288,150583,151206,151211,151213,151294,151288,150596,150631,151238,151559,150072,155238,151636,150015,150885,152328,154460,152956
32,148697,149949,152150,154937,152233,152338,152226,152226,152247,152374,150740,150956,133368,149130,152310,155031,24791,0,150713,151665,149047,149094,152444,150664,151085,152150,152176,152211,152150,150341,158589,151765,150219,152240,152260,150367,150613,150603,152523,149550,149302,142585,149437,149633,149639,149704,149704,149700,149704,149760,149671,149719,154772,150200,149846,149895,150268,150255,150319,150150,151402,150607,151085,130876,152684,152243,152153,149863,156464,150208,150427,152113,149128,149155,149106,149139,149543,150769,139338,146654,148529,152347,155210,152747,138104,150190,150171,150094,153580,150359,150193,152291,137753,150233,150774,149900,150574,149477,149933,149930,137970,157273,154778,152954,149109,149092,149100,149129,149066,149206,149130,149091,149092,149125,149138,149208,149066,149073,149132,149071,149129,149110,149046,149112,149151,149128,149109,149119,149125,149152,149126,149086,149101,151041,151123,152223,152218,152223,149478,149999,150094,150015,150082,152213,152256,152027,150949,150998,139419,155001,155031,155015,155011,154922,154934,155038,153358,154507,150601,151268,150540,151186,151211,151214,151274,151269,150576,150611,151195,151522,150120,155224,151579,149936,150823,152326,154432,152880
34,153913,104361,131974,135908,133391,142958,133401,133401,133402,143175,106083,106335,149785,97290,132358,151555,150775,150713,0,148351,96928,96886,132228,106741,101242,131958,131842,131998,131962,98195,146687,104246,99304,131877,131889,105729,111630,77160,147069,87763,97456,154908,105838,87507,87713,87732,87621,87768,87734,87625,87692,87644,135816,111579,86942,86111,107761,101416,101700,86773,153883,115050,99365,152412,147166,132446,131860,105160,125831,105702,89173,131753,97016,96935,97036,96981,96895,104617,154627,154797,155454,122636,143256,146522,138998,114382,114375,114204,122648,113536,113444,132043,139640,112055,107957,85912,103029,87508,111398,115342,139880,133163,140020,138909,96750,96852,96779,96854,96730,97109,96656,96841,96883,96686,97277,96855,96656,96906,96976,96594,96730,96749,96757,96859,96707,96726,96930,96857,96714,96876,97053,96774,96796,103910,109135,131858,131848,131907,87461,102159,112310,111870,112198,131980,131865,94891,100902,100867,140335,125991,126236,125910,125890,125598,126117,125856,150614,152434,99987,102194,100103,102230,102346,102300,102443,102182,100188,100209,102305,102883,115279,136402,103883,109417,104357,132998,151139,126397
36,153773,147589,150152,151282,150237,154179,150237,150237,150237,154198,147662,147783,151790,147371,150384,146895,151657,151665,148351,0,147229,147249,150550,147826,148237,150131,150101,150139,150131,148227,158020,148735,147914,150268,150268,147498,148581,148163,149608,147715,147633,154332,147736,147567,147590,147576,147522,147513,147576,147583,147577,147561,151359,148425,147914,147980,148316,147716,147802,147944,154695,148474,148312,153539,149740,150087,150107,148109,152226,148222,147769,150253,147292,147299,147328,147298,147489,148085,154068,154246,155623,149927,152373,149337,144031,148283,148272,148363,149998,148577,148427,150308,144174,148476,147782,148097,148065,147680,148127,147924,144359,153789,150960,154160,147274,147370,147287,147270,147273,147335,147320,147341,147347,147303,147336,147301,147318,147301,147302,147355,147268,147322,147283,147293,147321,147323,147268,147401,147323,147348,147318,147302,147324,148763,148168,150103,150107,150121,147704,147966,148408,148310,148375,150175,150173,149309,148322,148361,145220,150096,150243,150036,150071,150122,150217,150068,150847,152271,148011,148361,148037,148328,148310,148328,148336,148361,148012,147977,148332,148822,148235,151421,148744,148074,147960,150157,147787,150073
37,153018,87951,127403,135424,129237,139792,129255,129226,129227,140038,93336,93440,148331,8933,128428,151495,149091,149047,96928,147229,0,431,127854,94794,100336,127260,127207,127319,127282,101035,147017,103001,79742,127227,127302,92969,103726,94600,145959,83072,81864,154408,95095,80127,80353,80249,80109,80112,80272,80261,80186,80081,135082,103112,89490,88820,98613,85676,85840,89898,153285,107733,98003,151261,146022,128406,127337,94398,130131,96285,92733,127821,839,2618,856,879,76236,90530,154043,154322,155329,123018,142733,145709,136973,106542,106481,106556,117192,105831,105638,127395,137099,104204,96418,88410,87675,82729,102676,107840,137175,136995,135491,133330,6978,6659,7138,6941,7130,8270,6828,6812,6781,7475,8533,7219,7075,6865,7106,6634,6982,7027,6577,7038,7068,7558,7393,7217,7491,7168,6906,6922,6954,89742,101314,127243,127197,127245,82867,86586,103731,103274,103627,127373,127407,106944,101889,101689,138089,119790,120436,119723,119658,119407,120052,119694,149910,151612,80513,85436,80648,85018,85025,84936,85508,85404,80742,80688,85005,101730,107012,135885,103539,99468,89763,129225,150852,117396
38,153018,87901,127403,135424,129217,139792,129235,129206,129207,140038,93260,93364,148331,8854,128428,151495,149117,149094,96886,147249,431,0,127854,94718,100336,127260,127227,127319,127282,101017,147017,103001,79689,127227,127302,92896,103638,94498,145959,83019,81836,154408,95086,80043,80269,80165,80025,80028,80188,80177,80102,79997,135082,103073,89414,88744,98576,85626,85771,89843,153285,107703,98003,151265,146022,128406,127337,94344,130131,96253,92689,127821,774,2549,795,826,76185,90475,154043,154322,155329,123057,142733,145709,136973,106512,106451,106526,117192,105802,105609,127395,137099,104154,96365,88334,87586,82676,102647,107789,137175,136995,135491,133307,6876,6607,7026,6857,7052,8202,6750,6722,6729,7387,8425,7118,7009,6786,7009,6551,6871,6949,6488,6954,6990,7470,7281,7133,7403,7059,6807,6844,6876,89688,101279,127243,127197,127245,82814,86558,103672,103216,103588,127373,127407,106944,101901,101701,138089,119790,120436,119723,119658,119407,120052,119694,149910,151634,80409,85332,80532,84914,84921,84832,85404,85300,80626,80584,84901,101730,106983,135885,103559,99408,89764,129225,150830,117333
39,153229,130979,74021,143023,84658,102202,84632,84628,84641,101628,132324,132638,151771,128082,83874,152958,152439,152444,132228,150550,127854,127854,0,132213,128032,74206,74075,74460,74278,131946,154212,130045,129777,74100,74079,131670,128477,130824,147534,128329,124725,154143,125380,128111,128137,128087,128209,128236,128086,128112,128061,128060,142531,122384,130371,130146,118688,130008,130148,130125,153259,125182,127715,153371,147518,77243,74309,124388,143995,128270,131502,82456,127818,127921,127852,127855,127800,131586,153769,154062,154750,140454,149414,147747,143144,124316,124463,124198,125860,123748,123562,74688,143290,122932,132583,129685,130529,128196,121917,126033,143113,149307,143229,147471,127622,127721,127650,127717,127693,127832,127677,127664,127718,127749,127995,127693,127670,127725,127744,127759,127613,127697,127740,127744,127701,127773,127687,127745,127753,127740,127664,127615,127764,131139,131623,74165,74091,73992,128206,130742,122712,122584,122823,74685,74431,136221,133861,133652,144604,138157,138506,138051,138077,138211,138270,138190,150027,152891,129693,130788,129765,130509,130486,130496,130684,130744,129673,129554,130495,128939,123922,143245,128833,119697,126988,85023,152301,138204
45,153564,101923,131686,138551,133203,142902,133195,133195,133195,143217,49319,50329,150025,95010,132197,151761,150731,150664,106741,147826,94794,94718,132213,0,108717,131669,131573,131817,131671,110764,148969,111732,92875,131653,131710,35105,112684,104799,146679,98835,98530,154559,107624,96659,96759,96659,96792,96841,96649,96742,96837,96562,138569,111916,103552,102947,108610,100569,100835,102545,153629,116106,108148,152357,146618,132439,131543,107540,132355,107637,104245,131943,94798,94724,94768,94662,94658,103339,154235,154443,155507,128218,144193,146087,138940,115565,115538,115839,122894,114219,114316,131780,139680,112430,31845,102644,101558,98535,112210,116044,139796,139463,139672,138817,94874,94867,94805,94901,94829,95202,94706,94839,94859,94820,94983,94774,94859,94887,94932,94931,94790,94714,94760,94933,94712,94822,94976,94917,94790,94784,95040,94809,94936,102100,111464,131610,131608,131613,98787,100855,113110,112883,113088,131608,131573,114986,110472,110243,140893,124632,125302,124477,124646,124580,125016,124586,150148,151622,92270,95022,92179,95026,95038,94926,95188,95010,92147,92350,94900,110902,115612,138828,111737,109575,103657,132947,151081,124979
50,152684,105637,127882,128101,129103,139413,129084,129104,129085,139403,108269,108113,150268,100722,129082,151845,151071,151085,101242,148237,100336,100336,128032,108717,0,127925,127826,127945,127896,104454,149630,53072,101577,127998,128038,107433,113738,97835,145417,84972,98856,153739,108216,89518,89760,89616,89566,89608,89605,89531,89588,89614,127205,114567,93716,92820,111204,103952,104451,95269,152641,117909,40490,153084,145396,128829,127934,107483,128664,109024,97160,128647,100331,100374,100424,100313,99000,107379,153371,153548,154474,126435,144079,145480,139813,116718,116829,116583,118977,116263,116234,128188,139914,114443,110257,92553,105666,84723,114150,117869,140069,136570,137684,141280,100686,100342,100641,100782,100381,100565,100242,100586,100297,100516,101060,100704,100422,100508,100776,100209,100673,100294,100430,100766,100268,100557,100778,100532,100526,100681,100748,100298,100456,106217,112190,127831,127811,127829,84964,104304,115175,114852,115136,127848,127849,111810,107096,106903,141012,121306,121581,121179,121238,121166,121447,121313,149846,152235,102031,105440,102166,105426,105518,105399,105355,105418,102294,102551,105420,48322,117678,128307,51534,111862,97108,128956,151352,127057
51,153047,130683,21402,142661,52868,74561,52861,52923,52923,74441,131813,132221,151804,127610,55237,152777,152152,152150,131958,150131,127260,127260,74206,131669,127925,0,21645,22527,21376,131622,154175,129108,129099,28130,28163,131376,127943,130722,147329,128256,123778,153907,124436,127433,127606,127502,127635,127727,127502,127453,127455,127487,142214,121592,129963,129703,118503,129642,129877,129472,153220,124421,127052,153666,147348,43009,21771,123867,143473,128194,130838,52775,127329,127238,127310,127227,127006,130362,153609,153945,154924,140128,149155,147372,142635,123612,123719,123410,124884,122855,122838,28621,142875,121869,131989,129478,129861,128200,121089,125147,142653,149164,143189,147180,127191,127329,127237,127215,127305,127190,127273,127239,127326,127354,127728,127224,127273,127343,127292,127267,127146,127296,127362,127272,127297,127379,127235,127430,127328,127331,127308,127318,127394,130511,130762,21839,21572,21624,128078,130025,121981,121668,121883,22122,21779,135954,133361,133059,143980,137010,137285,137032,137050,137180,137098,137085,149999,152648,129220,130351,129174,130256,130212,130225,130335,130351,129192,129225,130229,128705,123619,143138,128595,118857,126034,54667,152039,137938
52,153070,130641,21237,142586,52541,74191,52535,52585,52601,74169,131648,132109,151818,127541,54807,152818,152181,152176,131842,150101,127207,127227,74075,131573,127826,21645,0,22714,21904,131608,154150,129019,129022,27485,27500,131233,128010,130704,147308,128168,123725,153895,124447,127359,127512,127428,127529,127575,127428,127379,127381,127413,142129,121504,129915,129696,118433,129625,129857,129451,153172,124518,126979,153686,147326,42768,21050,123888,143443,128071,130794,52289,127280,127213,127264,127204,127002,130328,153524,153930,154910,140039,149167,147300,142463,123574,123661,123449,124774,122899,122771,28102,142864,121756,131966,129482,129811,128110,121067,125145,142593,149136,143121,147172,127149,127318,127175,127193,127291,127191,127241,127198,127315,127344,127672,127160,127236,127321,127251,127244,127106,127264,127330,127230,127265,127369,127193,127394,127298,127288,127288,127306,127402,130424,130749,21106,20911,20939,128033,130018,121907,121634,121878,21448,21351,135843,133348,133025,144027,136945,137305,136984,136962,137091,137029,137017,149935,152628,129126,130252,129078,130116,130113,130126,130234,130252,129118,129131,130130,128706,123576,143040,128514,118679,126026,54524,152039,137914
53,153122,130759,22303,142635,53343,75004,53334,53396,53396,74717,131892,132302,151800,127635,55242,152836,152214,152211,131998,150139,127319,127319,74460,131817,127945,22527,22714,0,22680,131720,154179,129101,129133,28682,28829,131453,128086,130799,147337,128288,123904,153931,124593,127409,127562,127478,127611,127703,127478,127429,127431,127463,142188,121680,130088,129843,118721,129811,130065,129544,153249,124489,127100,153670,147356,43584,22765,124038,143511,128256,130900,52888,127368,127298,127351,127335,127126,130442,153586,153997,154961,140161,149229,147374,142647,123685,123772,123518,124958,122991,122948,29294,142920,121967,132084,129539,129899,128230,121168,125267,142660,149158,143220,147234,127321,127407,127367,127390,127403,127315,127351,127369,127404,127432,127815,127378,127371,127421,127425,127325,127281,127374,127440,127405,127375,127457,127365,127508,127406,127461,127416,127396,127492,130540,130833,22827,22593,22654,128130,130078,122081,121872,122048,22963,22674,135982,133401,133099,144108,137119,137407,137152,137129,137238,137180,137185,150010,152668,129287,130398,129241,130282,130259,130272,130380,130398,129259,129297,130276,128788,123816,143089,128650,119042,126086,55271,152093,138031
54,153067,130691,21544,142640,53123,74806,53116,53185,53178,74696,131813,132221,151804,127610,55374,152797,152152,152150,131962,150131,127282,127282,74278,131671,127896,21376,21904,22680,0,131629,154175,129079,129081,28255,28268,131378,127946,130746,147329,128256,123804,153887,124452,127446,127599,127515,127648,127740,127515,127466,127468,127500,142193,121611,129991,129731,118522,129644,129879,129481,153220,124451,127023,153666,147348,43180,21978,123879,143453,128237,130861,52923,127351,127260,127332,127249,127008,130364,153589,153925,154904,140128,149195,147346,142615,123642,123729,123440,124861,122885,122868,28745,142896,121880,131989,129506,129866,128200,121119,125125,142633,149164,143189,147180,127191,127329,127237,127215,127305,127190,127273,127239,127326,127354,127708,127224,127273,127343,127292,127267,127146,127296,127362,127272,127297,127379,127235,127430,127328,127331,127331,127318,127394,130536,130762,22022,21827,21792,128099,130027,121987,121674,121889,22283,21954,135956,133361,133059,143980,136978,137273,137020,136998,137147,137086,137053,149978,152648,129245,130376,129199,130260,130237,130250,130360,130376,129217,129250,130254,128716,123622,143117,128546,118891,126034,54907,152059,137938
55,153523,106434,131672,135634,132969,142766,132956,132956,132957,142960,109987,110175,149610,101172,132591,151694,150379,150341,98195,148227,101035,101017,131946,110764,104454,131622,131608,131720,131629,0,134145,108238,103553,131496,131594,109466,112870,94119,146400,90784,100933,154993,109301,90606,90761,90837,90675,90713,90836,90613,90727,90653,135136,115407,89613,88959,112314,105948,106268,63828,153511,118492,102905,152315,146356,132341,131632,108398,130830,109901,85165,131906,101047,101151,101057,101009,100506,108288,154468,154620,155452,121756,143457,145964,139230,117420,117411,117368,126660,117094,116914,131712,139339,116055,111431,88190,106961,90555,115487,117938,139505,139202,139495,138633,100936,100951,100862,101248,100847,101126,100827,101118,100977,101164,101406,101028,100831,100969,101237,100731,100969,100941,101051,101247,100975,101092,101172,100952,101209,101012,101259,100800,101002,108066,111296,131626,131647,131669,90285,106298,116143,115717,116044,131654,131585,108513,95370,95305,139869,129182,129231,129026,129019,128856,129172,129074,150745,151940,103377,105782,103403,105642,105709,105719,105825,105770,103487,103513,105686,106444,117815,136145,107171,113900,109006,132883,151189,125947
56,157812,147786,154123,152087,154563,156837,154563,154563,154563,156848,148675,148750,158880,147116,154412,158866,158613,158589,146687,158020,147017,147017,154212,148969,149630,154175,154150,154179,154175,134145,0,149387,147710,154137,154182,148671,148725,145979,155897,144755,146376,158770,149396,144364,144351,144383,144401,144429,144383,144393,144373,144398,152242,149632,144148,144142,149115,148300,148298,138792,159902,150827,149102,159077,155923,154419,154173,147740,153816,148916,143506,154180,147010,147117,147034,147007,146587,148650,158685,158420,157905,151950,157969,155900,156180,150883,150892,150906,150277,150388,150419,154191,156189,150069,149034,143905,148269,144630,150334,150943,156190,156122,156398,153740,147092,146965,147070,147081,146995,147047,146960,146965,146965,147016,147090,147150,146954,146938,147042,146986,147078,146960,146890,147078,146984,147024,147095,146995,147019,147023,147095,146905,146906,148684,148847,154163,154150,154174,144638,148125,150794,150706,150758,154203,154157,148477,145847,145801,156305,150369,150485,150348,150352,150162,150507,150340,158829,158843,147484,147127,147449,147057,147129,147106,147114,147121,147542,147427,147113,148822,151219,151638,149060,149586,149150,154425,157775,151636
57,152577,107065,129075,130113,130415,140484,130430,130424,130431,140464,110915,110681,149981,103210,130201,152052,151833,151765,104246,148735,103001,103001,130045,111732,53072,129108,129019,129101,129079,108238,149387,0,103880,129321,129381,110588,111059,101640,145074,89925,101918,154343,111330,93892,94075,93878,93820,93916,93867,93829,93783,93916,129489,112613,98483,97674,108824,106742,107281,99324,152884,118840,52616,152410,144969,129892,129136,105281,128832,110957,101647,129770,102983,103067,103046,102978,102527,109794,154002,154220,154143,126548,144150,145073,140378,118665,118744,118773,120424,117805,117750,129511,140681,113064,113362,97169,108274,89596,116121,118863,140731,137325,137846,139962,103141,102979,103140,103287,103005,103068,102883,103213,102911,103093,103458,103208,103096,102984,103304,102954,103143,102906,102969,103273,102910,103070,103249,103162,103084,103080,103225,102865,103110,108277,113492,129041,129045,129063,90019,107435,116724,116349,116607,129201,129096,111949,109782,109497,140648,119575,119902,119485,119553,119396,119733,119595,149888,152418,105565,102779,105612,102698,102755,102596,102773,102790,105593,105794,102667,38384,119010,130318,41263,113152,99874,130225,151028,126237
